2bg1
40923210
40923205
40923201
40923208
40923217
40923230
40923231
40923235
2bg8
40823117
40823122
40823115
40871106
40971227
2bg7
40923240
40923220
40923242
40923233
40923238
40923239
40923224
2bg3
40923252
40923206
40923216
40923245
40923247
40923248
40923249
2bg2
40923209
40923207
40923204
40923203
40923228
40923226
40923213
2bg6
40723217
40923232
40923219
40923225
40923241
40923246
40923214
2bg5
40923212
40923251
40923229
40923234
40923237
40923253
2bg4
40923223
40923211
40923221
40923218
40923227
40923250
40923236
40923243
